23.980289 16722.855
23.990267 9759.6895
24.000244 7774.6245
24.010222 15015.448
24.0202 20350.127
24.030177 22664.387
24.040155 23217.855
24.050133 24946.362
24.06011 30080.621
24.070088 31069.568
24.080066 29099.025
24.090043 26532.307
24.100021 24046.153
24.109999 23985.217
24.119976 23408.956
24.129954 22323.868
24.139932 24136.176
24.14991 26257.612
24.159887 26618.932
24.169865 24863.442
24.179843 23920.123
24.18982 23823.883
24.199798 24352.027
24.209776 23432.596
24.219753 23689.692
24.229731 24566.071
24.239709 24951.564
24.249686 25388.912
24.259664 26361.963
24.269642 25688.811
24.279619 24941.732
24.289597 25717.174
24.299575 34772.945
24.309552 37569.538
24.31953 29249.441
24.329508 26125.081
24.339486 26304.173
24.349463 26083.836
24.359441 25535.999
24.369419 25617.483
24.379396 25676.801
24.389374 25610.401
24.399352 24853.424
24.409329 25016.072
24.419307 26380.577
24.429285 27229.943
24.439262 27180.748
24.44924 27840.375
24.459218 27761.506
24.469195 27188.488
24.479173 27405.675
24.489151 27066.023
24.499129 27872.949
24.509106 29829.357
24.519084 29138.225
24.529062 28482.201
24.539039 30573.084
24.549017 30661.227
24.558995 32612.091
24.568972 34485.833
24.57895 34801.187
24.588928 35192.908
24.598905 35067.452
24.608883 34805.563
24.618861 32446.195
24.628838 32886.014
24.638816 33802.024
24.648794 32619.399
24.658771 31056.463
24.668749 30779.068
24.678727 29131.737
24.688705 29191.69
24.698682 29740.804
24.70866 29839.828
24.718638 29312.722
24.728615 27858.822
24.738593 27436.395
24.748571 28334.664
24.758548 28861.936
24.768526 29352.271
24.778504 28439.246
24.788481 26872.636
24.798459 24432.735
24.808437 24991.457
24.818414 26219.099
24.828392 25915.101
24.83837 25506.188
24.848348 27710.731
24.858325 27669.209
24.868303 26058.25
24.878281 26716.597
24.888258 26779.408
24.898236 24762.531
24.908214 24302.596
24.918191 25341.63
24.928169 25853.236
24.938147 25556.815
24.948124 26656.791
24.958102 26327.952
24.96808 25567.072
24.978057 27140.647
24.988035 27212.346
24.998013 24484.688
25.00799 22017.775
25.017968 23479.186
25.027946 26732.821
25.037924 33847.552
25.047901 34873.732
25.057879 32500.447
25.067857 35986.396
25.077834 29899.722
25.087812 33282.861
25.09779 41544.271
25.107767 43366.609
25.117745 32050.718
25.127723 21733.426
25.1377 13833.013
25.147678 10687.56
25.157656 7442.901
25.167633 4240.4585

