-9.0517324 20495.817
-8.9066346 20495.817
-8.8029934 10183.34
-8.6993521 2463.4104
-8.5957108 5546.7342
-8.4920695 14982.184
-8.3884282 28833.022
-8.2847869 40658.792
-8.1811457 42473.16
-8.0775044 43620.379
-7.9738631 44895.545
-7.8702218 36587.94
-7.7665805 37032.429
-7.6629392 57420.998
-7.5592979 54678.264
-7.4556567 46958.605
-7.3520154 46974.072
-7.2483741 41494.545
-7.1447328 25649.034
-7.0410915 29909.073
-6.9374502 36299.012
-6.833809 47137.436
-6.7301677 55077.418
-6.6265264 56125.157
-6.5228851 53630.816
-6.4192438 51171.424
-6.3156025 45520.608
-6.2119612 40531.349
-6.10832 42167.736
-6.0046787 46059.045
-5.9010374 47706.247
-5.7973961 45450.229
-5.6937548 43365.591
-5.5901135 43864.784
-5.4864723 43495.91
-5.382831 43241.321
-5.2791897 43727.872
-5.1755484 45198.818
-5.0719071 42191.65
-4.9682658 38171.116
-4.8646245 35518.5
-4.7609833 34586.808
-4.657342 33789.403
-4.5537007 33919.745
-4.4500594 36648.65
-4.3464181 38556.124
-4.2427768 38929.838
-4.1391356 39232.402
-4.0354943 40832.12
-3.931853 41769.511
-3.8282117 42622.758
-3.7245704 43068.776
-3.6209291 44389.793
-3.5172878 45897.86
-3.4136466 45858.541
-3.3100053 45361.147
-3.206364 44374.247
-3.1027227 42849.692
-2.9990814 41225.211
-2.8954401 40226.454
-2.7917989 41248.14
-2.6881576 42726.971
-2.5845163 42990.608
-2.480875 43203.917
-2.3772337 43504.052
-2.2735924 42990.037
-2.1699511 42388.27
-2.0663099 42551.085
-1.9626686 43753.176
-1.8590273 45211.514
-1.755386 45373.998
-1.6517447 45036.041
-1.5481034 44584.499
-1.4444622 43465.97
-1.3408209 42499.306
-1.2371796 42666.446
-1.1335383 42881.717
-1.029897 43495.617
-0.92625573 44801.013
-0.82261444 46164.074
-0.71897316 47059.227
-0.61533188 47510.752
-0.51169059 47400.256
-0.40804931 46505.635
-0.30440802 45170.292
-0.20076674 44002.947
-0.097125452 43574.891
0.0065158317 43695.177
0.11015712 43458.55
0.2137984 43505.45
0.31743969 44190.198
0.42108097 44813.666
0.52472225 45247.499
0.62836354 46254.467
0.73200482 47082.927
0.83564611 47362.196
0.9392874 47371.546
1.0429287 47013.686
1.14657 46489.764
1.2502112 46136.865
1.3538525 46568.952
1.4574938 47357.896
1.5611351 48395.924
1.6647764 49388.708
1.7684177 49787.442
1.872059 49538.748
1.9757002 49607.803
2.0793415 49421.056
2.1829828 49005.783
2.2866241 49304.367
2.3902654 49619.864
2.4939067 49440.978
2.5975479 49440.936
2.7011892 49452.591
2.8048305 49484.655
2.9084718 49513.695
3.0121131 49312.701
3.1157544 49099.332
3.2193957 49316.203
3.3230369 49379.273
3.4266782 49291.486
3.5303195 49935.973
3.6339608 50864.514
3.7376021 51241.625
3.8412434 51592.629
3.9448846 52001.023
4.0485259 51583.058
4.1521672 51070.807
4.2558085 51628.121
4.3594498 52886.473
4.4630911 53976.75
4.5667324 55863.167
4.6703736 57909.45
4.7740149 58943.923
4.8776562 59182.501
4.9812975 60376.168
5.0849388 61904.395
5.1885801 63261.84
5.2922213 65021.709
5.3958626 66924.888
5.4995039 68383.738
5.6031452 69587.219
5.7067865 70791.676
5.8104278 71682.305
5.9140691 72567.976
6.0177103 73706.162
6.1213516 75791.029
6.2249929 78603.003
6.3286342 81778.767
6.4322755 84932.92
6.5359168 87857.541
6.639558 89566.932
6.7431993 90271.473
6.8468406 90978.901
6.9504819 92931.393
7.0541232 95301.038
7.1577645 97801.929
7.2614058 100967.3
7.365047 103905.85
7.4686883 106026.14
7.5723296 107345.36
7.6759709 107677.67
7.7796122 106888.23
7.8832535 105735.12
7.9868947 103898.76
8.090536 101833.72
8.1941773 100058.41
8.2978186 98828.964
8.4014599 97650.37
8.5051012 95631.378
8.6087425 93503.452
8.7123837 92596.434
8.816025 91353.518
8.9196663 89676.68
9.0233076 89248.825
9.1269489 88242.23
9.2305902 85492.034
9.3342314 83182.06
9.4378727 81225.176
9.541514 77726.743
9.6451553 74914.673
9.7487966 72873.367
9.8524378 70436.205
9.9560791 68512.065
10.05972 66942.853
10.163362 64777.301
10.267003 62531.815
10.370644 61004.339
10.474286 59458.808
10.577927 58369.322
10.681568 57885.415
10.785209 57564.667
10.888851 57060.675
10.992492 55983.443
11.096133 54726.184
11.199775 53448.873
11.303416 52165.706
11.407057 50921.811
11.510698 49760.479
11.61434 49069.717
11.717981 48959.991
11.821622 48726.292
11.925264 47946.305
12.028905 47641.046
12.132546 48243.709
12.236187 48648.581
12.339829 48361.619
12.44347 47847.839
12.547111 47526.038
12.650753 47382.473
12.754394 46811.061
12.858035 46492.73
12.961676 46749.932
13.065318 46679.145
13.168959 45498.902
13.2726 44398.057
13.376242 43984.369
13.479883 43182.927
13.583524 42985.002
13.687165 43508.154
13.790807 43848.493
13.894448 43930.993
13.998089 44552.497
14.101731 44808.149
14.205372 44841.25
14.309013 45089.456
14.412654 45084.96
14.516296 45106.189
14.619937 45071.29
14.723578 44786.142
14.82722 44734.323
14.930861 44814.71
15.034502 43966.715
15.138143 43229.183
15.241785 43135.92
15.345426 43252.417
15.449067 44028.477
15.552709 44778.172
15.65635 44995.705
15.759991 44332.969
15.863632 43029.633
15.967274 42541.592
16.070915 43270.826
16.174556 43883.262
16.278198 44359.047
16.381839 45416.579
16.48548 44777.403
16.589121 43623.444
16.692763 42818.934
16.796404 42033.487
16.900045 41490.434
17.003687 40756.689
17.107328 39746.995
17.210969 39463.974
17.31461 39919.3
17.418252 39014.344
17.521893 39136.609
17.625534 40206.756
17.729175 40361.932
17.832817 40924.704
17.936458 42603.675
18.040099 44065.898
18.143741 45447.133
18.247382 46090.456
18.351023 45206.865
18.454664 44230.938
18.558306 42937.544
18.661947 41621.789
18.765588 41796.257
18.86923 43378.964
18.972871 44306.171
19.076512 44337.564
19.180153 44473.44
19.283795 44698.217
19.387436 43559.802
19.491077 43932.995
19.594719 46415.204
19.69836 47191.09
19.802001 46738.469
19.905642 46940.988
20.009284 46743.412
20.112925 45817.743
20.216566 44860.342
20.320208 44998.766
20.423849 47268.603
20.52749 49138.408
20.631131 49688.773
20.734773 50009.884
20.838414 48472.491
20.942055 43567.481
21.045697 39799.365
21.149338 38146.222
21.252979 36121.921
21.35662 36963.735
21.460262 43840.161
21.563903 50151.304
21.667544 48031.611
21.771186 48186.564
21.874827 53846.059
21.978468 52346.439
22.082109 46737.97
22.185751 50569.459
22.289392 53444.577
22.393033 41690.021
22.496675 30417.71
22.600316 22731.185
22.703957 13235.4
22.807598 6587.411
22.91124 8277.3054
23.014881 26489.24
23.118522 28283.36
23.222164 32613.08
23.325805 43614.569
23.429446 62418.342
23.533087 44014.636
23.636729 50422.545
23.74037 54600.42
23.844011 46051.267
23.947653 28729.81
24.051294 35930.973
24.154935 38829.254
24.258576 28758.257
24.362218 22266.464

