-7.6530413 45.229131
-7.4757734 43.614849
-7.2985055 42.033661
-7.1212376 39.864337
-7.0227555 38.994921
-6.9242733 38.109407
-6.8257911 36.442747
-6.727309 35.350764
-6.6288268 36.20278
-6.5303447 35.187728
-6.4318625 33.533251
-6.3333803 32.694103
-6.2348982 31.44648
-6.136416 29.653134
-6.0379338 29.193135
-5.9394517 29.13631
-5.8409695 29.169997
-5.7424874 29.082281
-5.6440052 28.643119
-5.545523 27.877854
-5.4470409 27.136091
-5.3485587 26.292042
-5.2500766 25.426649
-5.1515944 24.97158
-5.0531122 24.770969
-4.9546301 24.404168
-4.8561479 23.728553
-4.7576657 23.022695
-4.6591836 22.511283
-4.5607014 21.937971
-4.4622193 21.368372
-4.3637371 20.864818
-4.2652549 20.466662
-4.1667728 19.69074
-4.0682906 18.746349
-3.9698084 17.886826
-3.8713263 17.19525
-3.7728441 16.511958
-3.674362 15.905145
-3.5758798 15.604559
-3.4773976 15.265613
-3.3789155 14.787717
-3.2804333 14.315214
-3.1819511 13.987448
-3.083469 13.610861
-2.9849868 13.24358
-2.8865047 12.847831
-2.7880225 12.527922
-2.6895403 12.245628
-2.5910582 11.861614
-2.492576 11.447948
-2.3940938 10.998413
-2.2956117 10.512426
-2.1971295 10.007934
-2.0986474 9.5391884
-2.0001652 9.2406295
-1.901683 8.9916889
-1.8032009 8.6600656
-1.7047187 8.3391311
-1.6062365 8.0389658
-1.5077544 7.6774634
-1.4092722 7.3115649
-1.3107901 7.0070712
-1.2123079 6.7909089
-1.1138257 6.6102256
-1.0153436 6.3423718
-0.91686142 6.0417142
-0.81837926 5.7367159
-0.71989709 5.383999
-0.62141493 5.044877
-0.52293276 4.7968447
-0.4244506 4.5610367
-0.32596844 4.3650829
-0.22748628 4.2288902
-0.12900412 4.1050661
-0.030521954 3.9584443
0.067960208 3.7886913
0.16644237 3.5814079
0.26492453 3.3213854
0.36340669 3.0318733
0.46188886 2.7540533
0.56037102 2.5357353
0.65885318 2.365374
0.75733534 2.171234
0.85581751 2.0039888
0.95429967 1.8922248
1.0527818 1.7808961
1.151264 1.6602215
1.2497462 1.5899835
1.3482283 1.5130239
1.4467105 1.4003651
1.5451926 1.2731033
1.6436748 1.1242313
1.742157 0.96929861
1.8406391 0.83139896
1.9391213 0.7551386
2.0376035 0.71146415
2.1360856 0.69344024
2.2345678 0.67953139
2.3330499 0.63118779
2.4315321 0.5433952
2.5300143 0.48430951
2.6284964 0.4129694
2.7269786 0.33007344
2.8254608 0.30213895
2.9239429 0.27972076
3.0224251 0.22588518
3.1209072 0.18705206
3.2193894 0.15308434
3.3178716 0.12585287
3.4163537 0.10362623
3.5148359 0.070797881
3.613318 0.043026937
3.7118002 0.050019014
3.8102824 0.049629666
3.9087645 0.042818737
4.0072467 0.090415572
4.1057289 0.16140079
4.204211 0.20125406
4.3026932 0.24467329
4.4011753 0.29635136
4.4996575 0.29654982
4.5981397 0.2960978
4.6966218 0.36991128
4.795104 0.48948146
4.8935862 0.60207981
4.9920683 0.76725175
5.0905505 0.94071428
5.1890326 1.0506686
5.2875148 1.1137743
5.385997 1.2340647
5.4844791 1.3699963
5.5829613 1.4956432
5.6814435 1.6442638
5.7799256 1.8005383
5.8784078 1.9297209
5.9768899 2.0425557
6.0753721 2.1549332
6.1738543 2.2529246
6.2723364 2.3510897
6.3708186 2.4601189
6.4693008 2.6066576
6.5677829 2.779471
6.6662651 2.9653762
6.7647472 3.1456803
6.8632294 3.3083291
6.9617116 3.4128495
7.0601937 3.4747027
7.1586759 3.5348416
7.2571581 3.6374098
7.3556402 3.7498134
7.4541224 3.8628902
7.5526045 3.9960406
7.6510867 4.118779
7.7495689 4.2075014
7.848051 4.266496
7.9465332 4.2908805
8.0450153 4.2758559
8.1434975 4.2451309
8.2419797 4.1890842
8.3404618 4.1223738
8.438944 4.0610112
8.5374262 4.0141757
8.6359083 3.9652436
8.7343905 3.8807024
8.8328726 3.7860025
8.9313548 3.7334777
9.029837 3.665991
9.1283191 3.5775689
9.2268013 3.5336938
9.3252835 3.4646281
9.4237656 3.3233121
9.5222478 3.195137
9.6207299 3.0752835
9.7192121 2.8830169
9.8176943 2.7139903
9.9161764 2.5760764
10.014659 2.4177436
10.113141 2.2814008
10.211623 2.1539273
10.310105 1.9874039
10.408587 1.8133104
10.507069 1.6773474
10.605552 1.5393726
10.704034 1.4221591
10.802516 1.3394346
10.900998 1.2682658
10.99948 1.189325
11.097962 1.0783622
11.196445 0.9555465
11.294927 0.83231655
11.393409 0.71284216
11.491891 0.60073768
11.590373 0.49170685
11.688855 0.41518462
11.787338 0.38480211
11.88582 0.3506277
11.984302 0.28203156
12.082784 0.25145298
12.181266 0.2906141
12.279748 0.31878409
12.37823 0.30180325
12.476713 0.27139022
12.575195 0.26029286
12.673677 0.26766531
12.772159 0.24995259
12.870641 0.25369112
12.969123 0.30597933
13.067606 0.33882876
13.166088 0.29590854
13.26457 0.26292831
13.363052 0.28894563
13.461534 0.29056725
13.560016 0.34717392
13.658499 0.46692756
13.756981 0.58102428
13.855463 0.68053996
13.953945 0.82945788
14.052427 0.95562625
14.150909 1.0704134
14.249392 1.2064839
14.347874 1.3286033
14.446356 1.4582482
14.544838 1.5886793
14.64332 1.7072747
14.741802 1.8503948
14.840285 2.0088161
14.938767 2.0989437
15.037249 2.2058292
15.135731 2.3683156
15.234213 2.5505494
15.332695 2.7879356
15.431178 3.0332977
15.52966 3.2418311
15.628142 3.389853
15.726624 3.498159
15.825106 3.6869652
15.923588 3.9723789
16.02207 4.255623
16.120553 4.5331848
16.219035 4.861729
16.317517 5.0563478
16.415999 5.2195946
16.514481 5.4149835
16.612963 5.6179309
16.711446 5.8522273
16.809928 6.0788761
16.90841 6.2928362
17.006892 6.5800452
17.105374 6.9336134
17.203856 7.1752387
17.302339 7.5136191
17.400821 7.9359984
17.499303 8.2816866
17.597785 8.6636188
17.696267 9.1429431
17.794749 9.5995903
17.893232 10.041209
17.991714 10.432956
18.090196 10.710807
18.188678 10.993512
18.28716 11.26323
18.385642 11.555174
18.484125 11.970389
18.582607 12.491965
18.681089 12.960369
18.779571 13.361884
18.878053 13.777217
18.976535 14.202256
19.075018 14.532563
19.1735 14.984352
19.271982 15.583432
19.370464 16.043627
19.468946 16.415935
19.567428 16.85224
19.66591 17.265108
19.764393 17.63518
19.862875 18.00251
19.961357 18.454659
20.059839 19.043278
20.158321 19.58406
20.256803 20.033033
20.355286 20.479274
20.453768 20.791571
20.55225 20.882523
20.650732 21.165479
20.749214 21.65478
20.847696 22.11601
20.946179 22.842987
21.044661 23.970926
21.143143 24.933161
21.241625 25.26851
21.340107 25.857637
21.438589 26.790432
21.537072 27.269877
21.635554 27.504363
21.734036 28.414779
21.832518 29.171943
21.931 28.563638
22.029482 29.141107
22.127965 34.228374
22.226447 41.608977
22.324929 50.809567
22.423411 61.197009
22.521893 71.704332
22.620375 76.786091
22.718858 80.387803
22.81734 82.965209
22.915822 85.522397
23.034 86.374527
23.152179 88.482629
23.270358 89.344552
23.388536 89.520624
23.506715 89.720041
23.605197 90.818449

