23.980289 9.0584264
23.990267 8.3989746
24.000244 7.0313764
24.010222 6.908633
24.0202 6.226904
24.030177 5.6895866
24.040155 5.9756573
24.050133 5.2558779
24.06011 5.1555013
24.070088 4.9099054
24.080066 4.5543799
24.090043 4.0614819
24.100021 3.6870337
24.109999 3.3548912
24.119976 3.0803504
24.129954 2.8825613
24.139932 2.6277406
24.14991 2.455171
24.159887 2.2528924
24.169865 1.9337913
24.179843 1.6168039
24.18982 1.3784942
24.199798 1.144697
24.209776 0.901347
24.219753 0.78398688
24.229731 0.67217382
24.239709 0.65422727
24.249686 0.49103822
24.259664 0.33000387
24.269642 0.23051081
24.279619 0.13387691
24.289597 0.073435388
24.299575 0.021171448
24.309552 -0.02064766
24.31953 -0.022160239
24.329508 -0.051723809
24.339486 -0.14124897
24.349463 -0.13355185
24.359441 -0.14925373
24.369419 -0.10450773
24.379396 -0.091936652
24.389374 -0.074157342
24.399352 -0.046527206
24.409329 0.025067388
24.419307 0.21536706
24.429285 0.27965976
24.439262 0.36633221
24.44924 0.50981252
24.459218 0.68122869
24.469195 0.7204921
24.479173 0.80818188
24.489151 0.99323558
24.499129 1.1496611
24.509106 1.3169863
24.519084 1.3979412
24.529062 1.563374
24.539039 1.7782196
24.549017 1.9464579
24.558995 2.1153791
24.568972 2.3239791
24.57895 2.0918246
24.588928 2.1169627
24.598905 2.2756263
24.608883 2.0918246
24.618861 1.9807707
24.628838 1.9087763
24.638816 1.8075485
24.648794 1.8178864
24.658771 1.6327548
24.668749 1.5298567
24.678727 1.3901319
24.688705 1.2349234
24.698682 1.210555
24.70866 1.1007478
24.718638 1.0074825
24.728615 0.87216237
24.738593 0.77300042
24.748571 0.78333837
24.758548 0.86119282
24.768526 0.76465322
24.778504 0.78723364
24.788481 0.66856721
24.798459 0.62945919
24.808437 0.61433003
24.818414 0.76401306
24.828392 0.79440149
24.83837 0.8240883
24.848348 0.95710918
24.858325 1.0037201
24.868303 1.1381038
24.878281 1.224431
24.888258 1.3347049
24.898236 1.3535861
24.908214 1.5012652
24.918191 1.7322152
24.928169 1.8950579
24.938147 2.1090615
24.948124 2.2915704
24.958102 2.5160167
24.96808 2.4995472
24.978057 2.6845845
24.988035 3.0623316
24.998013 3.3261185
25.00799 3.5567879
25.017968 4.1702979
25.027946 4.4374112
25.037924 4.7723375
25.047901 5.2301439
25.057879 5.4644778
25.067857 5.2429554
25.077834 5.8353157
25.087812 6.154083
25.09779 6.5913772
25.107767 6.6898219
25.117745 6.623476
25.127723 6.7241346
25.1377 6.7952212
25.147678 7.5945022
25.157656 8.9011719
25.167633 8.6290503
25.177611 9.6635982

